0,Martha Fu,14,4,[65139 50805 28920 32580],0
1,Martha Fu,14,4,[65139 50805 28920 32580],0
2,Martha Fu,14,4,[61539 47205 25320 28980],0
3,Martha Fu,14,4,[57939 43605 21720 25380],0
4,Martha Fu,14,4,[50850 25485 7320 10980],0
5,Martha Fu,14,4,[32739 40005 3720 10980],0
6,Martha Fu,14,4,[29139 36405 120 7380],0
7,Martha Fu,14,4,[14739 11205 7320 7380],0
8,Martha Fu,10,4,[7500 7440 3720 10980],0
9,Martha Fu,14,4,[3939 50805 120 7380],0
10,Martha Fu,14,4,[47139 32805 10920 14580],0
11,Jimmy Yuan,6,4,[14640 10920 14520 10920],0
12,Jimmy Yuan,7,4,[14550 43500 60 3720],0
13,Jimmy Yuan,7,4,[14550 43500 60 3720],0
14,Jimmy Yuan,7,4,[7350 36300 60 7320],0
15,Jimmy Yuan,13,4,[112065 32700 25320 21720],0
16,Jimmy Yuan,7,4,[43350 39900 3660 39720],0
17,Jimmy Yuan,7,4,[43350 32700 28860 32520],0
18,Chen Yi Ling,6,4,[36210 3645 25290 28950],0
19,Chen Yi Ling,6,4,[50610 18045 28890 28950],0
20,Chen Yi Ling,8,4,[7410 45 11010 3750],0
21,Chen Yi Ling,4,4,[11010 18045 7290 60],0
22,Chen Yi Ling,12,4,[72270 54105 72270 61410],0
23,Chen Yi Ling,6,4,[36210 3645 25290 28950],0
24,Harry Chen,15,4,[18300 3900 3840 7500],0
25,Harry Chen,22,4,[11280 11220 7500 14760],0
26,Harry Chen,15,4,[3900 3900 3840 7500],0
27,Harry Chen,22,4,[47280 43620 39900 43560],0
28,Harry Chen,15,4,[39900 50700 39840 47100],0
29,Peng Wei Wang,26,4,[50940 50880 43560 43620],0
30,Peng Wei Wang,26,4,[36540 36480 29160 29220],0
31,Peng Wei Wang,26,4,[25740 25680 18360 18420],0
32,Peng Wei Wang,26,4,[72540 72480 65160 65220],0
33,Yang Junwei,9,4,[3810 11040 3720 3780],0
34,Yang Junwei,9,4,[3810 11040 3720 3780],0
35,Yang Junwei,4,4,[7320 7305 3705 10920],0
36,Yang Junwei,6,4,[50619 39705 3720 39720],0
37,Yang Junwei,4,4,[39720 10905 32520 36120],0
38,Zhong Jiajun,30,4,[151890 72525 65160 65220],0
39,Zhong Jiajun,29,4,[65460 65325 57960 58020],0
40,Zhong Jiajun,29,4,[33060 32925 25560 25620],0
41,Zhong Jiajun,29,4,[33060 32925 25560 25620],0
42,Zhong Jiajun,29,4,[25860 25725 18360 18420],0
43,Zhong Jiajun,29,4,[65460 36525 14760 18420],0
44,Zhong Jiajun,19,4,[11160 11160 7500 14760],0
45,Zhong Jiajun,19,4,[57960 54360 50700 54360],0
46,Zhong Jiajun,29,4,[51060 50925 43560 43620],0
47,Yun Yun Tsai,2,4,[14520 10905 7260 10860],0
48,Yun Yun Tsai,1,4,[18120 7260 3660 7260],0
49,Yun Yun Tsai,3,4,[105 3720 7320 60],0
50,Yun Yun Tsai,3,4,[18105 18060 10920 7320],0
51,Yun Yun Tsai,2,4,[46920 18060 7320 60],0
52,Yun Yun Tsai,3,4,[36120 60 21705 25320],0
53,Jason Lin,14,4,[47130 47100 43440 43380],0
54,Jason Lin,10,4,[32640 36180 32640 32580],0
55,Jason Lin,10,4,[29040 32580 29040 28980],0
56,Jason Lin,14,4,[61530 32700 21840 14580],0
57,Jason Lin,14,4,[11130 11100 7440 7380],0
58,Alex Chiang,6,4,[21780 28920 21780 10920],0
59,Alex Chiang,10,4,[47070 18240 7380 120],0
60,Alex Chiang,10,4,[47070 36240 39780 36120],0
61,Zhang Qi,26,4,[43815 18450 7485 14745],0
62,Zhang Qi,22,4,[58104 7545 7485 11145],0
63,Zhang Qi,19,4,[43545 54345 43485 50745],0
64,Zhang Qi,19,4,[29145 39945 29085 36345],0
65,Zhang Liangwei,7,4,[39780 36165 32580 36120],0
66,Zhang Liangwei,11,4,[39870 29100 25380 28920],0
67,Zhang Liangwei,7,4,[32580 36165 32580 32520],0
68,Zhang Liangwei,11,4,[18270 25500 3780 7320],0
69,Zhang Liangwei,7,4,[18180 18165 18180 10920],0
70,Zhang Liangwei,11,4,[25470 25500 21780 21720],0
71,Li Jingying,10,4,[47139 14580 10920 14580],0
72,Li Jingying,10,4,[11100 7440 3720 7380],0
73,Li Jingying,10,4,[11100 7440 3720 7380],0
74,Li Jingying,10,4,[7500 3840 120 3780],0
75,Li Jingying,10,4,[39900 14640 3720 10980],0
76,Li Jingying,10,4,[14700 14640 7320 7380],0
77,Li Jingying,10,4,[11100 11040 3720 3780],0
78,Li Jingying,7,4,[3780 3780 120 7380],0
79,Li Jingying,10,4,[300 240 120 3780],0
80,Li Jingying,7,4,[39780 36180 32520 36180],0
81,Zou Yun Yun,4,4,[39819 36060 32490 32460],0
82,Zou Yun Yun,3,4,[28920 25260 21690 21720],0
83,Zou Yun Yun,4,4,[7419 3660 90 60],0
84,Zou Yun Yun,6,4,[3819 105 10890 7305],0
85,Zou Yun Yun,3,4,[7320 7260 14490 3705],0
86,Zou Yun Yun,4,4,[7320 7305 14490 3705],0
87,Zou Yun Yun,3,4,[43320 39660 36180 36060],0
88,Huang Zhenting,10,4,[47040 50580 47040 46980],0
89,Huang Zhenting,11,4,[11070 14700 3780 10920],0
90,Huang Zhenting,11,4,[11070 14700 3780 10920],0
91,Huang Zhenting,11,4,[39870 43500 32580 28920],0
92,Howard Hsu,8,4,[39810 29040 28920 43320],0
93,Howard Hsu,10,4,[39870 39840 36180 36120],0
94,Howard Hsu,8,4,[7410 11040 120 7320],0
95,Howard Hsu,10,4,[54270 25440 14580 7320],0
96,Howard Hsu,8,4,[21810 11040 7320 21720],0
97,Liven Pan,8,4,[39645 50490 68655 57795],0
98,Liven Pan,4,4,[28845 39690 21645 25434],0
99,Liven Pan,4,4,[28845 39690 21645 25434],0
100,Liven Pan,8,4,[45 90 18255 7395],0
101,Liven Pan,10,4,[18360 18240 10920 7320],0
102,Liven Pan,4,4,[36045 32640 28845 32505],0
103,Zhong Xuan can,10,4,[21900 21840 120 3780],0
104,Zhong Xuan can,10,4,[18300 18240 10920 10980],0
105,Zhong Xuan can,10,4,[47100 43440 39720 43380],0
106,Zhong Xuan can,10,4,[32700 29040 25320 28980],0
107,Lin Chunan,26,4,[61740 65280 57960 58020],0
108,Lin Chunan,26,4,[47340 43680 39960 43620],0
109,Lin Chunan,19,4,[39960 50760 39900 47160],0
110,Lin Chunan,30,4,[144690 65325 57960 58020],0
111,Song Pei Hoon,6,4,[57840 25305 28920 25320],0
112,Song Pei Hoon,4,4,[21720 18105 14505 18120],0
113,Song Pei Hoon,4,4,[18120 14505 10905 14520],0
114,Song Pei Hoon,4,4,[7380 10905 7320 7260],0
115,Song Pei Hoon,4,4,[3720 3705 105 7320],0
116,Song Pei Hoon,5,4,[50565 180 10920 3660],0
117,Song Pei Hoon,3,4,[46920 18105 7320 60],0
118,Song Pei Hoon,3,4,[43320 14505 3720 60],0
119,Song Pei Hoon,6,4,[29040 25305 28920 25320],0
120,Guo Baiyu,8,4,[43410 32640 28920 43320],0
121,Guo Baiyu,14,4,[115530 111960 75840 36120],0
122,Guo Baiyu,8,4,[25410 14640 10920 14520],0
123,Guo Baiyu,8,4,[14610 18240 7320 14520],0
124,Guo Baiyu,8,4,[11010 14640 3720 10920],0
125,Guo Baiyu,8,4,[7410 11040 120 7320],0
126,Guo Baiyu,8,4,[7410 11040 120 7320],0
127,Guo Baiyu,11,4,[11070 18300 180 10920],0
128,Guo Baiyu,4,4,[7320 7305 3705 10920],0
129,Guo Baiyu,11,4,[54270 3900 3780 7320],0
130,Guo Baiyu,8,4,[47010 43440 7320 54120],0
131,Guo Baiyu,5,4,[39720 10905 32520 36180],0
132,Chang Chun Peng,22,4,[65280 65220 57900 57960],0
133,Chang Chun Peng,14,4,[47199 29040 25380 25440],0
134,Chang Chun Peng,14,4,[43560 18300 7380 14640],0
135,Chang Chun Peng,14,4,[29160 3900 180 240],0
136,Chang Chun Peng,14,4,[11160 11100 3780 3840],0
137,Chang Chun Peng,14,4,[43560 39900 36180 39840],0
138,Chang Chun Peng,14,4,[39960 36300 32580 36240],0
139,Yang Zhuoyun,26,4,[58140 58080 50760 50820],0
140,Yang Zhuoyun,10,4,[14700 11040 7320 10980],0
141,Yang Zhuoyun,10,4,[11100 7440 3720 7380],0
142,Yang Zhuoyun,10,4,[29100 3840 120 180],0
143,Yang Zhuoyun,10,4,[3900 3840 120 7380],0
144,Yang Zhuoyun,10,4,[300 240 120 3780],0
145,Yang Zhuoyun,10,4,[300 240 120 3780],0
146,Yang Zhuoyun,10,4,[47100 43440 39720 43380],0
147,Yang Zhuoyun,7,4,[39780 36180 32520 36180],0
148,Stephanie Kao,10,4,[32700 29040 25320 28980],0
149,Stephanie Kao,10,4,[14700 11040 7320 10980],0
150,Stephanie Kao,12,4,[18330 25380 18240 7380],0
151,Stephanie Kao,10,4,[21900 21840 120 3780],0
152,Stephanie Kao,10,4,[14700 14640 7320 7380],0
153,Stephanie Kao,10,4,[47100 43440 39720 43380],0
154,Stephanie Kao,7,4,[39780 36180 32520 36180],0
155,Huang Han,5,4,[39705 10920 32580 36120],0
156,Huang Han,7,4,[28905 25320 36240 36180],0
157,Huang Han,7,4,[28905 25320 36240 36180],0
158,Huang Han,5,4,[7305 3720 7380 3720],0
159,Huang Han,5,4,[32505 28920 32580 28920],0
160,Wu Chenxi,26,4,[40140 40080 32760 32820],0
161,Wu Chenxi,26,4,[40140 40080 32760 32820],0
162,Wu Chenxi,26,4,[36540 36480 29160 29220],0
163,Wu Chenxi,23,4,[22020 22020 18360 25620],0
164,Wu Chenxi,26,4,[50940 47280 43560 47220],0
165,Wu Chenxi,19,4,[39960 36360 32700 36360],0
166,Yang Hyun Christine,6,4,[47010 36180 39720 36060],0
167,Yang Hyun Christine,6,4,[47010 36180 39720 36060],0
168,Yang Hyun Christine,4,4,[43350 32580 28860 32460],0
169,Yang Hyun Christine,4,4,[39750 28980 25260 28860],0
170,Yang Hyun Christine,10,4,[32670 21840 25380 21720],0
171,Yang Hyun Christine,10,4,[32670 21840 25380 21720],0
172,Yang Hyun Christine,5,4,[3825 180 60 3660],0
173,Yang Hyun Christine,4,4,[10950 14580 3660 60],0
174,Yang Hyun Christine,6,4,[18165 3780 18180 7260],0
175,Weng Zaihao,8,4,[29085 18180 21720 18120],0
176,Weng Zaihao,4,4,[120 10905 105 7320],0
177,Weng Zaihao,3,4,[120 10905 60 7320],0
178,Weng Zaihao,7,4,[25365 32640 10920 3720],0
179,Weng Zaihao,7,4,[25365 32640 10920 3720],0
180,Weng Zaihao,6,4,[21810 21765 60 3720],0
181,Weng Zaihao,7,4,[11010 10965 7320 3720],0
182,Weng Zaihao,7,4,[65085 10980 3660 3720],0
183,Weng Zaihao,3,4,[3720 3705 60 7320],0
184,Weng Zaihao,7,4,[39885 28980 25260 28920],0
185,Chenjia Ru,4,4,[32565 3660 25305 28920],0
186,Chenjia Ru,6,4,[18045 28890 25335 25395],0
187,Chenjia Ru,6,4,[18045 28890 25335 25395],0
188,Chenjia Ru,4,4,[25365 14460 10905 14520],0
189,Chenjia Ru,9,4,[29085 29040 21720 120],0
190,Chenjia Ru,6,4,[14595 60 105 3780],0
191,Chenjia Ru,3,4,[105 60 120 3720],0
192,Chenjia Ru,6,4,[46995 18060 7305 43365],0
193,Chenjia Ru,4,4,[10965 7260 3705 18120],0
194,Xiang Yang Min,10,4,[36270 32625 28905 32565],0
195,Xiang Yang Min,10,4,[29070 25425 21705 25365],0
196,Xiang Yang Min,10,4,[29070 29025 25305 25365],0
197,Xiang Yang Min,7,4,[3705 7425 3705 3765],0
198,Xiang Yang Min,7,4,[3705 7425 3705 3765],0
199,Xiang Yang Min,4,4,[3705 7305 3705 3720],0
200,Xiang Yang Min,9,4,[120 3705 21870 11010],0
201,Xiang Yang Min,6,4,[7305 14565 7305 7365],0
202,Xiang Yang Min,7,4,[3705 11025 3705 3765],0
203,Xiang Yang Min,10,4,[47070 43425 7305 43365],0
204,Xiang Yang Min,7,4,[21705 25425 21705 21765],0
205,Zhang Yan Yu,10,4,[36300 32640 28920 32580],0
206,Zhang Yan Yu,26,4,[61740 61680 57960 65220],0
207,Zhang Yan Yu,10,4,[18300 14640 10920 14580],0
208,Zhang Yan Yu,10,4,[14700 11040 7320 10980],0
209,Zhang Yan Yu,10,4,[7500 7440 3720 7380],0
210,Zhang Yan Yu,10,4,[7500 3840 120 3780],0
211,Zhang Yan Yu,10,4,[18300 18240 10920 10980],0
212,Zhang Yan Yu,10,4,[18300 18240 10920 10980],0
213,Zhang Yan Yu,10,4,[7500 7440 3720 10980],0
214,Zhang Yan Yu,26,4,[61740 61680 57960 65220],0
215,Liao Xun weight,3,4,[60 32460 29040 25260],0
216,Liao Xun weight,3,4,[60 39780 28905 25260],0
217,Liao Xun weight,1,4,[60 32460 28905 25260],0
218,Liao Xun weight,4,4,[25260 28980 18105 21720],0
219,Liao Xun weight,2,4,[21660 18120 14505 10860],0
220,Liao Xun weight,5,4,[3720 105 3780 7320],0
221,Liao Xun weight,10,4,[32460 39870 65085 36180],0
222,He Yuting,0,0,[],4
223,He Yuting,0,0,[],4
224,He Yuting,0,0,[],4
225,Lin Zonghan,7,4,[21774 18180 21780 18120],0
226,Lin Zonghan,6,4,[18060 28905 25350 25410],0
227,Lin Zonghan,12,4,[18159 21879 3774 18294],0
228,Lin Zonghan,7,4,[14610 3840 7320 3660],0
229,Lin Zonghan,6,4,[3810 3780 120 60],0
230,Lin Zonghan,5,4,[18165 7380 10920 7260],0
231,Lin Wan Xuan,3,4,[25305 21660 25380 21660],0
232,Lin Wan Xuan,2,4,[14520 10905 7260 10860],0
233,Lin Wan Xuan,9,4,[10905 7260 58005 7374],0
234,Lin Wan Xuan,2,4,[3705 3660 60 7320],0
235,Lin Wan Xuan,1,4,[36105 7260 28860 32460],0
236,Liu Yi Ning,26,4,[54540 54480 47160 47220],0
237,Liu Yi Ning,10,4,[47100 43440 39720 43380],0
238,Liu Yi Ning,15,4,[39900 50700 39840 47100],0
239,Huang Zhijun,4,4,[21717 25302 21717 21717],0
240,Huang Zhijun,9,4,[14517 21702 32667 25407],0
241,Huang Zhijun,9,4,[54117 57702 75867 65007],0
242,Huang Zhijun,9,4,[14517 18102 32667 21807],0
243,Liuling Jun,3,4,[14460 10980 7320 10860],0
244,Liuling Jun,13,4,[21870 21900 18180 18240],0
245,Liuling Jun,2,4,[10860 7320 3720 7260],0
246,Liuling Jun,2,4,[32460 28920 25320 28860],0
247,Lizi Xuan,6,4,[39660 50505 46950 47010],0
248,Lizi Xuan,5,4,[32460 3645 32610 28950],0
249,Lizi Xuan,2,4,[28860 45 28920 25320],0
250,Lizi Xuan,4,4,[21660 18045 28950 28950],0
251,Lizi Xuan,5,4,[18060 14445 25410 25350],0
252,Lizi Xuan,4,4,[7260 3645 7365 3765],0
253,Lizi Xuan,5,4,[7260 3645 18210 14550],0
254,Lizi Xuan,13,4,[32805 32700 25320 21780],0
255,Lizi Xuan,6,4,[18090 18045 29010 21750],0
256,Lizi Xuan,2,4,[7260 14445 7320 3720],0
257,Lizi Xuan,2,4,[28860 45 28920 25320],0
258,Liu Fengxuan,1,4,[39660 50505 32445 36060],0
259,Liu Fengxuan,3,4,[39660 46980 39720 36060],0
260,Liu Fengxuan,3,4,[21660 18045 21765 18120],0
261,Liu Fengxuan,7,4,[21765 29100 7320 60],0
262,Liu Fengxuan,5,4,[60 7500 120 60],0
263,Liu Fengxuan,1,4,[90 45 45 3660],0
264,Liu Fengxuan,3,4,[39660 36180 39720 36060],0
265,Chen Weijun,5,4,[36180 25305 21705 25320],0
266,Chen Weijun,4,4,[25320 21705 18105 21720],0
267,Chen Weijun,8,4,[18219 7305 3720 18210],0
268,Chen Weijun,4,4,[14580 3705 7320 3660],0
269,Chen Weijun,4,4,[7380 10905 120 7260],0
270,Chen Weijun,5,4,[11019 18105 10920 60],0
271,Chen Weijun,4,4,[10980 10905 3720 60],0
272,Chen Weijun,9,4,[39870 14580 3780 120],0
273,Chen Weijun,6,4,[47010 36180 39720 36060],0
274,Fuzi Rui,4,4,[36120 32445 39735 28905],0
275,Fuzi Rui,5,4,[14565 3645 10935 10905],0
276,Fuzi Rui,3,4,[21720 3645 7320 105],0
277,Fuzi Rui,5,4,[21720 45 7335 18180],0
278,Fuzi Rui,6,4,[68655 39645 46935 36060],0
279,Carisa Hung,15,4,[39900 50700 39840 47100],0
280,Carisa Hung,19,4,[40140 21900 11040 18300],0
281,Carisa Hung,21,4,[29340 29205 21840 21900],0
282,Carisa Hung,15,4,[50700 47100 43440 47100],0
283,Carisa Hung,21,4,[65340 47205 36240 43500],0
284,Andy Chung,26,4,[54525 54465 47145 47205],0
285,Andy Chung,26,4,[50925 50865 43545 43605],0
286,Andy Chung,23,4,[36405 43605 36345 36405],0
287,Andy Chung,15,4,[3885 7485 3825 3885],0
288,Andy Chung,15,4,[14685 21885 14625 14685],0
289,Andy Chung,26,4,[14925 14865 11145 18405],0
290,Andy Chung,15,4,[11085 11085 7425 14685],0
291,Andy Chung,15,4,[39885 50685 39825 47085],0
292,Huang Tingbai,3,4,[36045 32580 36120 32460],0
293,Huang Tingbai,4,4,[21645 18180 21720 18120],0
294,Huang Tingbai,12,4,[47145 47100 10920 18180],0
295,Huang Tingbai,3,4,[3645 14580 3720 60],0
296,Huang Tingbai,4,4,[14445 21840 14520 3660],0
297,Huang Tingbai,5,4,[3645 11040 7320 3720],0
298,Huang Tingbai,8,4,[32685 29040 32520 28860],0
299,Hung Yu Heng,10,4,[32640 36180 32640 32580],0
300,Hung Yu Heng,10,4,[25440 28980 25440 25380],0
301,Hung Yu Heng,10,4,[25440 28980 25440 25380],0
302,Hung Yu Heng,10,4,[11040 18180 11040 180],0
303,Hung Yu Heng,10,4,[54240 3780 14640 7380],0
304,Hung Yu Heng,14,4,[54330 43500 47040 43380],0
305,Hung Yu Heng,13,4,[32730 32625 29040 28980],0
306,Winnie Chang,8,4,[21810 11040 7320 21720],0
307,Winnie Chang,11,4,[14670 18300 7380 3720],0
308,Winnie Chang,8,4,[3810 11040 3720 3720],0
309,Winnie Chang,15,4,[47130 50760 39840 36180],0
310,Deng Yizhen,2,4,[28890 45 28920 25260],0
311,Deng Yizhen,2,4,[7290 3645 7320 3660],0
312,Deng Yizhen,2,4,[10890 10845 7320 7260],0
313,Deng Yizhen,2,4,[7290 7245 3720 3660],0
314,Deng Yizhen,6,4,[21765 29040 120 60],0
315,Deng Yizhen,6,4,[18105 25350 18180 7320],0
316,Deng Yizhen,2,4,[14490 45 14520 3660],0
317,Deng Yizhen,2,4,[36090 7245 36120 32460],0
318,Wong Yang,15,4,[39900 50700 39840 47100],0
319,Wong Yang,15,4,[39900 50700 39840 47100],0
320,Wong Yang,18,4,[72420 47160 36240 43500],0
321,Wong Yang,18,4,[65220 39960 29040 36300],0
322,Wong Yang,15,4,[18300 29100 18240 25500],0
323,Wong Yang,18,4,[36420 11160 7440 7500],0
324,Wong Yang,15,4,[300 300 240 3900],0
325,Wong Yang,15,4,[47100 43500 39840 43500],0
326,Wong Yang,18,4,[65220 39960 29040 36300],0
327,Guan Ai Wu,11,4,[43470 47100 36180 32520],0
328,Guan Ai Wu,11,4,[21870 21900 18180 10920],0
329,Guan Ai Wu,11,4,[25470 32700 10980 14520],0
330,Guan Ai Wu,11,4,[61470 11100 10980 3720],0
331,Guan Ai Wu,11,4,[50670 47100 10980 3720],0
332,Guan Ai Wu,6,4,[28980 25320 28980 25320],0
333,Kang Mingxi,14,4,[61587 47142 25317 28977],0
334,Kang Mingxi,4,4,[117 10902 102 7317],0
335,Kang Mingxi,5,4,[18102 18057 29037 7317],0
336,Kang Mingxi,5,4,[14547 14502 7302 3717],0
337,Kang Mingxi,6,4,[47007 50562 39717 36057],0
338,Yushi Yeap,7,4,[7380 3780 120 3780],0
339,Yushi Yeap,7,4,[180 3780 120 180],0
340,Yushi Yeap,10,4,[61500 11040 7320 7380],0
341,Yushi Yeap,10,4,[47100 43440 39720 43380],0
342,Yushi Yeap,10,4,[7500 3840 120 3780],0
343,Bai Li Jian,7,4,[18105 3720 18240 7380],0
344,Bai Li Jian,4,4,[10905 18105 10905 7320],0
345,Bai Li Jian,7,4,[3765 11040 3720 120],0
346,Bai Li Jian,5,4,[10980 105 3705 10920],0
347,Yu Chen Chen,0,0,[],4
348,Yu Chen Chen,0,0,[],4
349,Yu Chen Chen,0,0,[],4
350,Yu Chen Chen,0,0,[],4
351,Yu Chen Chen,0,0,[],4
352,Liu Ting Yi,10,4,[11100 7440 3720 7380],0
353,Liu Ting Yi,10,4,[29100 3840 120 180],0
354,Liu Ting Yi,7,4,[14580 180 120 3780],0
355,Liu Ting Yi,7,4,[14580 180 120 3780],0
356,Liu Ting Yi,10,4,[300 240 120 3780],0
357,Liu Ting Yi,7,4,[39780 36180 32520 36180],0
358,High Ze Quan,4,4,[105 3780 120 60],0
359,High Ze Quan,5,4,[18225 3780 3660 7260],0
360,High Ze Quan,5,4,[7350 14580 7260 7320],0
361,High Ze Quan,4,4,[50550 180 60 3660],0
362,High Ze Quan,4,4,[165 180 60 3660],0
363,High Ze Quan,5,4,[25425 10980 60 7260],0
364,Wen Shi Kai,14,4,[72360 47100 36180 43440],0
365,Wen Shi Kai,22,4,[65280 65220 61500 68760],0
366,Wen Shi Kai,22,4,[54480 54420 50700 57960],0
367,Wen Shi Kai,14,4,[39999 21840 10980 18240],0
368,Wen Shi Kai,14,4,[47160 21900 10980 18240],0
369,Wen Shi Kai,22,4,[18480 18420 14700 21960],0
370,Wen Shi Kai,14,4,[7560 7500 3780 11040],0
371,Wen Shi Kai,22,4,[54480 50820 47100 50760],0
372,Wen Shi Kai,22,4,[76080 76020 75900 79560],0
373,Wen Shi Kai,14,4,[68760 43500 32580 39840],0
374,Li Yuzhe,6,4,[28980 25320 28980 25320],0
375,Li Yuzhe,11,4,[43470 47100 36180 32520],0
376,Qiu Italian View,10,4,[32640 36180 32640 32580],0
377,Qiu Italian View,12,4,[18330 25380 18240 14580],0
378,Qiu Italian View,14,4,[54330 43500 47040 43380],0
379,Qiu Italian View,10,4,[43440 14580 43440 39780],0
380,Qiu Italian View,14,4,[47130 47100 43440 43380],0
381,Lin Zhen,14,4,[32760 29100 25380 29040],0
382,Lin Zhen,14,4,[32760 29100 25380 29040],0
383,Lin Zhen,22,4,[61680 61620 54300 54360],0
384,Lin Zhen,22,4,[54480 54420 47100 47160],0
385,Lin Zhen,14,4,[25560 25500 3780 7440],0
386,Lin Zhen,14,4,[14760 14700 10980 18240],0
387,Lin Zhen,14,4,[3960 3900 180 7440],0
388,Lin Zhen,14,4,[47160 43500 39780 43440],0
389,Lin Zhen,22,4,[76080 76020 68700 68760],0
390,Lin Zhen,14,4,[36360 32700 28980 32640],0
391,Ruan Yushan,6,4,[47010 36180 39720 36060],0
392,Ruan Yushan,7,4,[39765 68700 25320 28860],0
393,Ruan Yushan,7,4,[39765 68700 25320 28860],0
394,Ruan Yushan,7,4,[21765 50700 7320 10860],0
395,Ruan Yushan,7,4,[25365 32700 3720 3660],0
396,Ruan Yushan,5,4,[21765 3780 7320 60],0
397,Ruan Yushan,6,4,[25365 21780 25320 21720],0
398,Su Yang Xi,11,4,[21840 32640 21780 29040],0
399,Su Yang Xi,11,4,[240 3840 180 240],0
400,Su Yang Xi,11,4,[240 3840 180 240],0
401,Su Yang Xi,14,4,[21960 21900 14580 14640],0
402,Su Yang Xi,14,4,[18360 18300 10980 11040],0
403,Su Yang Xi,11,4,[43440 39840 36180 39840],0
404,Su Yang Xi,11,4,[18240 29040 18180 25440],0
